30.  0.107041024  0.00801586732
31.7943592  0.0929296017  0.00763698528
33.6960373  0.0805900395  0.00717368862
35.7114601  0.0695867315  0.00665302435
37.8474312  0.0597920977  0.00617016945
40.1111603  0.0510657243  0.00572232483
42.5102806  0.0432836451  0.00524322921
45.0529022  0.0362306833  0.00477423286
47.7476006  0.0299075395  0.00431822427
50.6034737  0.0239943359  0.00364257488
53.6301651  0.018260153  0.00306931115
56.8378868  0.0127207823  0.00264125085
60.2374725  0.00716419378  0.00229162001
63.8403854  0.00117355469  0.00208932371
67.6587982 -0.00598974386  0.0021145097
71.7056046 -0.0210748371  0.00211420842
75.9944458 -0.0155813806  0.02547873
80.5398178 -0.0109477043  0.0277319979
85.3570633 -0.00743488874  0.0298142452
90.4624252 -0.00353382016  0.0298358276
95.8731613 -0.00117576332  0.0291658361
101.607513  0.000764693774  0.0285109729
107.684845  0.0026246421  0.027657235
114.125687  0.00427609636  0.0267259944
120.951752  0.00606909255  0.0258258786
128.186096  0.00852196291  0.0240379479
135.853149  0.00970603246  0.021512432
143.97879  0.0103484374  0.0192522705
152.590439  0.0107943499  0.0171707142
161.717163  0.0109396065  0.0151373493
171.389786  0.0109312087  0.0133445375
181.64093  0.0110758347  0.0115602883
192.505203  0.0107138893  0.00957658794
204.019302  0.0100757461  0.00792953838
216.222076  0.00931888446  0.00655710651
229.154739  0.00849610195  0.00546476524
242.860901  0.00776152406  0.0046065934
257.386902  0.00709488615  0.00388317485
272.781677  0.0065181111  0.00323579623
289.09726  0.00591604458  0.0026373819
306.388733  0.00533082057  0.00214963173
324.714417  0.00478264224  0.00175208587
344.1362  0.00427635526  0.00142806245
364.719635  0.00380886253  0.00116825476
386.53421  0.00339497346  0.000966153399
409.653564  0.00302801863  0.00079901889
434.155701  0.00270238076  0.000660766906
460.123383  0.00241097948  0.000540489913
487.644257  0.00214712461  0.000441675889
516.811157  0.00191092212  0.00035994724
547.722595  0.00169888313  0.000292994489
580.482971  0.00150992058  0.000237605331
615.202759  0.00134049822  0.000192114399
651.999146  0.001189537  0.000154682828
690.99646  0.00105338683  0.000124716695
732.326233  0.000933711242  0.000101124038
776.128052  0.000827105541  8.16086613E-05
822.549744  0.000732265762  6.57312048E-05
871.748047  0.000647884095  5.29219797E-05
923.888916  0.000572841673  4.25951039E-05
979.148499  0.000506051874  3.42664607E-05
1037.71313  0.000446555729  2.76226401E-05
1099.78076  0.000393547991  2.22151066E-05
1165.56067  0.000346027286  1.78548507E-05
1235.27515  0.000303208362  1.43509842E-05
1309.15918  0.000264141709  1.15646662E-05
1387.46252  0.00022745876  9.32795683E-06
1470.44946  0.000189855287  7.52088681E-06
1558.39966  3.89383204E-05  6.0030975E-06
1651.61047  0.000158440031  5.86676288E-05
1750.39648  0.000154608657  4.82033356E-05
1855.09106  0.000144565027  3.93851224E-05
1966.04761  0.000132870424  3.21679763E-05
2083.64038  0.000121040088  2.62437625E-05
2208.26709  0.000109574998  2.13208896E-05
2340.34766  9.87672756E-05  1.72885502E-05
2480.32837  8.8738816E-05  1.39931999E-05
2628.6814  7.95400265E-05  1.13080569E-05
2785.90771  7.11642933E-05  9.12478117E-06
2952.53809  6.35778924E-05  7.3531628E-06
3129.13525  5.6736706E-05  5.91840035E-06
3316.29443  5.05861462E-05  4.75821935E-06
3514.64868  4.50704538E-05  3.82157441E-06
3724.86621  4.01341604E-05  3.06636093E-06
3947.65771  3.57227182E-05  2.45825731E-06
4183.77441  3.17857448E-05  1.96912151E-06
4434.01367  2.82753172E-05  1.57614875E-06
4699.2207  2.51478195E-05  1.26068767E-06
4980.28955  2.23633251E-05  1.00770956E-06
5278.17041  1.98851576E-05  8.04991089E-07
5593.86816  1.76805843E-05  6.4268562E-07
5928.44775  1.57199702E-05  5.12860424E-07
6283.03955  1.39766416E-05  4.09018838E-07
6658.83984  1.24267326E-05  3.2605044E-07
7057.11768  1.10490319E-05  2.59799037E-07
7479.21729  9.8244418E-06  2.06919594E-07
7926.56348  8.73591216E-06  1.64736662E-07
8400.66602  7.76835805E-06  1.31104912E-07
8903.12598  6.90836305E-06  1.04300248E-07
9435.6377  6.14393184E-06  8.29470892E-08
10000.002  5.4643674E-06  6.5948484E-08
